0.019380560025679068
0.1227167913419214
0.03948937510113122
0.06662660519753813
0.05076046160666482
0.09926410378917455
0.0921703948094779
0.15505161816537485
0.1701475269847202
0.13329215270706557
0.13315008684952562
0.154338499044088
0.18331012877263847
0.14007270610065853
0.09097031660197245
0.08101022187257695
0.07885716551743477
0.03521578540598582
0.01442886748078612
0.046886541468583426
0.03524645671453279
0.053483024869118864
0.07419975008969751
0.09326410606926624
0.10523144977643675
0.11447368501977365
0.10436068117003512
0.09323485831610198
0.08710262076001397
0.09246643876473483
0.104097992223312
0.1059059769332818
0.12179717389370665
0.09947081550582229
0.08826291211436266
0.09624919590398705
0.08197304361986146
0.07945008928120213
0.10284048450468389
0.10844813457574123
0.09080590861845385
0.11542631569889471
0.10186894675285105
0.12432691465924785
0.12960510164726322
0.14594941355429816
0.13928340785083484
0.14430699673842984
0.14904631115242134
0.1479150647262857
0.16489871121538469
0.15520142656981797
0.12696091326111802
0.13007855189210624
0.12124376668112119
0.1367494237104801
0.13079638102991328
0.11573315072500923
0.12055530773497891
0.13143804545110466
0.14277320676108873
0.1513217472388016
0.16339613867026306
0.16908732678678468
0.15527719298968773
0.14656220072738918
0.1320383477969276
0.1298610466024692
0.12894942021503814
0.1252870513126246
0.12237425639327441
0.13201249721592836
0.13955875722105665
0.14615584719411578
0.15799518338726837
0.16501201673601104
0.16486984279873373
0.16741577641451857
0.1624300990709088
0.1764539220795398
0.1859142365328566
0.19221342450103857
0.20445250379258054
0.2081818475097253
0.2121252023051972
0.22053615918900119
0.22582250342530916
0.2104466724870886
0.21686707698847724
0.21929177424931526
0.21069001908113782
0.20154774268392237
0.21631627531675804
0.2164231379572729
0.22669542961358843
0.24010442783092745
0.250631930235614
0.2547765534439145
0.2559418491940588
0.24117023777420477
0.22696483863944217
0.23654745228839483
0.23040697647981265
0.23251109718071744
0.2659928646048738
0.2852304970057465
0.29033271003225447
0.3016610380967232
0.3150579814195275
0.3080390026703769
0.30478698781724833
0.30188860770928994
0.3138025893074023
0.3008236284756763
0.2959100694162721
0.29615886659186225
0.297480337551867
0.292625108646068
0.2859489391376154
0.2841702352212269
0.2864265853874903
0.2840710264458405
0.29603660328385084
0.29731835223914105
0.2849960669218718
0.287629584312802
0.29723596862282226
0.3194097451576165
0.31554405450979073
0.31615767418536617
0.31254038760526615
0.3114473453572524
0.3004016914180296
0.30063415066970123
0.3049289204878537
0.31053598195358095
0.31871115168506875
0.3206695335232817
0.3135999677173059
0.32107669337519745
0.33081020042738507
0.3173705254873643
0.32666970735078593
0.31874634376584915
0.32678310598808813
0.32336702664943257
0.3257373067489782
0.3237786534528091
0.3099958898854758
0.3067331694353149
0.30143417040005693
0.3012949801243903
0.30017402710101554
0.3150210513219819
0.3203837832462143
0.3303413346573414
0.32732763882312976
0.32348034592019914
0.327846833607871
0.3213050296734647
0.31029701930173476
0.3125155179717295
0.32281527496916945
0.3162796333611061
0.3196874776556299
0.3084962500687851
0.31682904711696347
0.33578213729849193
0.3337969304480341
0.33214184244953976
0.3293491028100857
0.3357512197856492
0.3352791948814783
0.3270604506227898
0.3326991906802456
0.3300860989085543
0.3312329649434181
0.3323221826406406
0.34784520021755894
0.35151456109463375
0.35182691091317375
0.3513607305610847
0.3558877653796157
0.35497081619748255
0.3601003805547966
0.3498641607900716
0.3487185860080615
0.35384343457321893
0.34964073137962337
0.3441305131328631
0.34232980146516834
0.3565520990654517
0.3532019277566854
0.34027394899669194
0.33773014402789286
0.33112453618073523
0.33037190747425454
0.33062697035705346
0.32484294098272065
0.31753696175788093
0.33334802130419894
0.32826923470977215
0.330410245186709
0.33333190976071825
0.3269900197291455
0.32547673949574624
0.32799170634962693
0.33917962254203504
0.333696982055322
0.3366176007699171
0.34625203224729295
0.35827240351536677
0.35829743261921254
0.3643726068087941
0.3594338931035976
0.35918419733009577
0.35917623077489097
0.35932163784165666
0.36865271411500633
0.37803539181026524
0.37945122571627377
0.3843949601367112
0.3727868305026472
0.37414468030052606
0.36992537873429093
0.3682468112662484
0.36210691479981144
0.3679072828814455
0.3753486790873283
0.38298906054477894
0.3773740427802322
0.37887887622236804
0.3730674907548288
0.37153782182168177
0.38037458776132554
0.3911290096104626
0.41372622706060647
0.41304932428196417
0.39911640690136635
0.3984373682178454
0.39792404780711443
0.3942938127267469
0.38917586584769265
0.39200399327012514
0.3978073890953166
0.39438537384745304
0.3957384858545735
0.39853999541089424
0.39931112798823315
0.39056311050886794
0.3967024704760804
