0.13691711549032415
0.18423091785083032
0.30456899879604554
0.23364526097096877
0.28396318552855554
0.26861081734421155
0.3022841816083822
0.265367768062182
0.2623372897131097
0.24183551286911453
0.24301493668940635
0.2390214909140519
0.23875122794091216
0.22793489153277915
0.2856806750830554
0.27796512537393014
0.30210604064819524
0.29207453682897566
0.30702104502501953
0.32198897954480904
0.3376047726962165
0.3316386381129867
0.3567475551753099
0.35537865241747235
0.3523403508827381
0.32418741687186614
0.3323790080576397
0.3184384076340436
0.30175176868268455
0.28354695288561393
0.2851062972646105
0.2923726923645191
0.2832361149107743
0.28438760234478594
0.2931486739109527
0.3056044227624818
0.3039377028461981
0.29396015817937443
0.3183816508737489
0.2925027648693072
0.2891053556822127
0.2901606724550333
0.26120843804515664
0.2651214821079116
0.2970259419099744
0.32024447633371916
0.3052167094906819
0.3075074565567151
0.3099605723167391
0.2900353686944326
0.2902550826874303
0.2843732636465646
0.2824815863035697
0.28780458433820877
0.27756348777153145
0.25859550993683195
0.25261606037745526
0.236673632610989
0.24582786451223262
0.23013517941639014
0.215983341446032
0.21575125047504157
0.2292999095411009
0.2390007609011222
0.24585556605560127
0.24264173424245203
0.23630224227319038
0.24169593098219982
0.23752292331652894
0.24420093358015377
0.25278798097418176
0.26834033143791786
0.25491948820098576
0.2496892258070852
0.2557953790752999
0.26402533623008584
0.2826935357389269
0.2748328343318417
0.28980745360013394
0.27206010834435784
0.2802125773925371
0.2727592491567064
0.28183141738844647
0.2638675758695905
0.278689009175064
0.262209347465976
0.27094780049075934
0.2723871886122788
0.2762248989483754
0.26375067769552374
0.26541219000857225
0.2463259000839714
0.2649054704487453
0.286162713833388
0.29470312917637786
0.28787023997015454
0.28732016672890726
0.2791269232030674
0.2804021729798745
0.2804534616374765
0.2896894692473676
0.29004856802003154
0.3048667227296694
0.2954339345221705
0.2868521939001107
0.27426981002158984
0.27956971377582346
0.2881969325926303
0.29741643214339114
0.2944149516511487
0.2973777927064992
0.2879521236439694
0.29436479035075264
0.2955693618784311
0.27939273746932713
0.27896624118614716
0.28104412324197686
0.2774788911665143
0.27363466232518696
0.27577169223322573
0.27725289655071217
0.2795336545600627
0.2838593689516931
0.28073341244970756
0.2813855652356071
0.2679023523688168
0.2663385024547986
0.2611568986312301
0.24752397182831914
0.2498920928037105
0.24216375003849205
0.23491153054403954
0.23496206665377156
0.23402715713946848
0.24182572249806286
0.2461533606426909
0.2446189372060789
0.2544370612893317
0.25632950009359484
0.258442683172995
0.24130042577017793
0.24649242460479728
0.22851917882146702
0.227304393073533
0.23505460494504468
0.21930161186885594
0.21885679711327188
0.2381458809845307
0.24646582313595533
0.2515619143140341
0.2531397298445097
0.25342819554578244
0.2534486997264681
0.26075960541508253
0.26387523165253907
0.27431538158979596
0.2771795767819533
0.2751140045098456
0.27243838033268714
0.27307727131509085
0.27738563779310066
0.2753231510404609
0.2701956099641033
0.2761407494165883
0.27746220242464886
0.2831981029744515
0.29306719521334484
0.2890376670769221
0.2917119068924358
0.2883255525516736
0.2936973786456247
0.30018094491273184
0.29061700446919225
0.3016650140629256
0.30527425225027177
0.300469739043454
0.2967596213319111
0.29456694101062975
0.3059023825676214
0.2987797793476068
0.29888867537283137
0.29118463198147676
0.2915624784495237
0.2823849470755562
0.27118729611597453
0.26247540902713073
0.26694744046657765
0.2626985313623541
0.25727999149135145
0.2602206247108547
0.2641560878141326
0.25629018799365577
0.25172802552222623
0.2560710907163362
0.2519586272142573
0.24387231166666679
0.2534539732719543
0.25194387687995623
0.2454553550034372
0.2379760488691196
0.22918463147963727
0.2184113901353638
0.22635005096127253
0.22050507276629763
0.20729092800456314
0.20817722118648047
0.2061952027053428
0.2088225471973446
0.20568736488318384
0.2044833644597761
0.20930871103850035
0.2223507714358199
0.2110801563189409
0.20524483187085588
0.20056618448736635
0.20185382928882065
0.2059791337552838
0.2062428724093862
0.1988017639189479
0.20806926402050413
0.1979602684778714
0.20687962365292484
0.206000352083859
0.2076734707407105
0.20435074748936277
0.20027687386081608
0.19699237544153367
0.19771727188003005
0.1873428502702376
0.18007836919540257
0.18739853986966445
0.1797302117169608
0.18070515094480158
0.17609775961971572
0.17683109973552355
0.17445745887194344
0.17646248864085376
0.1756934668723783
0.17359700459157884
0.17174624163600344
0.1726668240417085
0.1608399247892678
0.15563141306073286
0.16177887454821938
0.1684933991572298
0.18048734365041938
0.1830020431948312
0.18214892378428077
0.17156530701352116
0.1745179291765289
0.06354102031599877
0.04353505266677353
0.06761329253892776
0.13114590434930765
0.14348841483854208
0.20395377830546713
0.21124515084449869
0.1977105462848589
0.10824446103626668
0.07951521362345021
0.1090879279001529
0.0991197915855724
0.05127915201901209
0.07476971440975919
0.06099762857563036
0.06571568157099085
0.07455407841572725
0.1223161770923914
0.12848505997616727
0.09360346547831391
0.10506269966011403
0.1524403622957956
0.14223403701567183
0.13108500354138433
0.14439021262508722
0.12312479438423518
0.10811480183191302
0.102847961881971
0.10344843014992221
0.11325581976692252
0.10852615205350885
0.10156512126707361
0.09473522229404255
0.0810882076798503
0.05709003354283589
0.06991359182435704
0.043389941863749955
0.0416946736173693
0.02289966735722748
0.04011398971172203
0.038920326871257634
0.03385088632992754
0.016956160041429753
0.0208901625049377
0.017479791807423723
0.02353522447522266
0.027902028081210645
0.03603051798995698
0.032355904176096545
0.028197465890802985
0.05291309081774699
0.04168810327330414
0.040750993144341704
0.04894125733169043
0.05913348501878738
0.05504553138335481
0.053935708382605925
0.06349712796010805
0.05965620381104994
0.045182458425026266
0.053745149229474064
0.05596246475141018
0.06722040984377424
0.07344802786953597
0.08572906314866305
0.1029996654281209
0.12309666661667287
0.12887582036093848
0.12878641624152978
0.12610805257398763
0.09873077182564244
0.08627247465594569
0.06752028541373731
0.07769762794922777
0.08677103237462411
0.11042058074779822
0.09967949436160359
0.08883892055197888
0.08165300705096162
0.10689125239978114
0.10204546358298872
0.09754108147322238
0.09398379492852474
0.10369114948037181
0.10189498808195455
0.08981118882586653
0.09435821341140091
0.07906880997794717
0.07483884468460843
0.07851500952785168
0.07321501237208719
0.09235372503236508
0.0879148476218744
0.10090993309846413
0.09480845448135819
0.10198699937730832
0.09541697733731364
0.09257765335895779
0.10002589986431021
0.09858296495372629
0.12218585655703387
0.12088541966566364
0.11607284646244032
0.11088916816920787
0.10927113493463146
0.1221236609506564
0.1329740898791528
0.12585307463979292
0.14083748036127672
0.1473940165609263
0.14819499291064683
0.15891747253938884
0.1669949987615463
0.18095784222769035
0.20049496897807137
0.19737635086005445
0.20696221138724155
0.19537139678961588
0.18934564220104907
0.1950500937073845
0.20477655217583685
0.20404830568413745
0.20980445195090067
0.22956867839889866
0.22354221890429454
0.2257972673984855
0.21785342754131748
0.2286947150480501
0.241123167927284
0.2325307477020711
0.22909989153011356
0.22483440611422784
0.23188728742591522
0.22291222410223457
0.23107354450660206
0.21993139019627606
0.22096940863318115
0.21809182372548516
0.2307406568436622
0.22948685026756513
0.22358175723397938
0.22555726325221515
0.2119796054792236
0.2194740613384555
0.21979320743911612
0.220358530847575
0.22800350841114173
0.20505498696704408
0.2029120365887238
0.19956783413943255
0.19677362666069292
0.20023796539080316
0.1983694513057409
0.20453260731296632
0.2095145042074387
0.21703244921467268
0.21747469073935494
0.20796747095055032
0.20884230067998455
0.21010395872263826
0.21160734266919923
0.20790914765327895
0.21658373111400755
0.2175014394566264
0.22054407105410473
0.21288692281173194
0.20981925470699636
0.21982091094673703
0.21487025899816437
0.21558180050711306
0.21421907923766154
0.2097125077734027
0.20906015340928438
0.21705467878463672
0.22622501995548605
0.23504133819347073
0.2398747256687212
0.24060030654302006
0.2371318503308447
0.24111308355540853
0.24798507541918502
0.2477295350367336
0.24367737435033127
0.24040137962678654
0.235184884255714
0.23195923877238436
0.24595978840823512
0.23868646710704766
0.24003218125166803
0.2548685568431893
0.24178638206888142
0.23552206553543337
0.2489401773667032
0.244750218928972
0.261116421279328
0.2644474785160677
0.25666673875473034
0.25939768041950784
0.2557538380376344
0.25948520667951513
0.25599377708815213
0.24817096787862303
0.24512663815785196
0.25045727697440473
0.26096694316312447
0.26441176677056344
0.2654056071452623
0.26800274692674086
0.2680690257551227
0.2637060078206893
0.2692260313797159
0.26987971217673296
0.2634750468923902
0.2684678207038588
0.27532865579193583
0.27599002794639177
0.27542429819624337
0.2718019222245347
0.26705785563666695
0.2616114094509393
0.263292767258823
0.26575112777499954
0.25946418475598226
0.2478187057721027
0.2408456022601875
0.24195603114741263
0.24530696487905349
0.25253611135125803
0.25231086087410126
0.2531823036643455
0.24536007931394813
0.24897629895861198
0.24560847757269233
0.23941809511281653
0.23029462476931134
0.23611728362750567
0.23943174892767718
0.24471511337583518
0.24049722377863236
0.2359135051280171
0.23549647051276212
0.2293221230130421
0.23761309958351995
0.23961266903347836
0.2271816935514598
0.2229136735164348
0.2168613375670116
0.21877232184172402
0.21303978444960026
0.2212549387976363
0.18835548955485487
0.18913899868699174
0.11271148246258278
0.08036322699861287
0.0666197379572174
0.030646741215456096
0.04899509283752151
0.07998489858489004
0.11043844644993668
0.15181888796783619
0.18287943136461346
0.14378590845713446
0.12371639544828744
0.1541172412618566
0.11450897652117073
0.08082735435994962
0.09877233573064295
0.14704110119234295
0.11621400823825516
0.10962073099171864
0.11582226743637607
0.11723764139955202
0.12050185443286661
0.1424515321960946
0.15181990288997918
0.1514808058402204
0.13585137107557693
0.12181338673783099
0.1108387660880178
0.10016639852378179
0.10082706733407934
0.07990433568733933
0.0877369484225744
0.09239066535521724
0.06636966335795935
0.06021298562015918
0.03796671992980512
0.027205748054673573
0.011491531903789189
0.022056140404168013
0.008498469639077761
0.008496029938025033
0.031020570063780388
0.0144427336761179
0.022877630608766436
0.02068860276779495
0.0014344596520265394
0.010414779368995321
0.013262858349568987
0.013912115324411617
0.006637274148776277
0.0034695119941915405
0.008854962192192443
0.014352148914561137
0.014596748219673147
0.015094808875510332
0.011607160332071082
0.009703865278667546
0.01888265315716218
0.01361996421367844
0.017766543108700614
0.02389171021550101
0.027446241261830956
0.020012636573519364
0.0018610223005580302
0.005479511854131114
0.01692447693719626
0.014351547096368673
0.01714893055192456
0.028911993465055734
0.012731218821343378
0.007083272061219933
0.0011636917435958087
0.010082520566324912
0.0027263357854023012
0.02133443329668367
0.03276626190590159
0.026545654670511006
0.012768059494803863
0.011445333891891531
0.019802103649234175
0.015333125318769023
0.0019959604589453554
0.0025702555813831257
0.015367097192098372
0.005362865301562653
0.00725288338550166
0.02027900228773285
0.01208327872881302
0.037847430753950015
0.037877433454992206
0.040208518176113164
0.026341409813940668
0.03334259849860978
0.03641807601804934
0.05159349266674508
0.0535027103406906
0.0574516488643647
0.057745404296731306
0.04821069987496958
0.06682706860591697
0.07488848004978589
0.06504983766977016
0.07077353470639008
0.06337130631840529
0.0660904162401623
0.07137994017730431
0.04584419306247095
0.04281397494470788
0.020371917914057413
0.023300270236083588
0.009036658599641511
0.012642446033192527
0.01330102359623907
0.007415496938989285
0.006398145612540889
0.0027764757136509144
0.012634683458488795
0.020922604553429272
0.027200188757191934
0.024042779083071803
0.025348226415265667
0.031103358695270394
0.011766697278558322
0.00554827250191054
0.007877508598904176
0.004547053376252123
0.00038928165466587273
0.012581588003993102
0.008878929678684058
0.0073814676630246144
0.010832588352258218
0.015079542270528703
0.014761113008075965
0.02433228128161396
0.028625954673536607
0.02956381799635497
0.040438800026789186
0.04084015139895272
0.04190405187152183
0.04593438193790188
0.023738004254200206
0.015961177102805472
0.0057516607538919285
0.013904422926792736
0.01500190989491065
0.010214736910157458
0.006072323850625558
0.005681884433741587
0.0019980678602734975
0.014727241318143345
0.008024481642642203
0.00794183479124348
0.008839645835790808
0.010008705668659851
0.022292987675946844
0.036162946775945684
0.04268501652390329
0.05904872733209114
0.05709643566140044
0.06170506997205282
0.06055377297567575
0.05386236792649474
0.040649674418808915
0.04390563152271064
0.04449923600370583
0.04151511160666832
0.0542779132243812
0.05836485136439406
0.06604657565288183
0.07333728616488948
0.08743577983529474
0.08560095135511052
0.08546327391427748
0.07620671460107262
0.07189454750631727
0.07423900213661683
0.07105046973668452
0.0634850333864719
0.05463776672435901
0.04661150101830064
0.033969325448027575
0.027906812064624652
0.02375430388837913
0.017337227781448184
0.005473094313833882
0.0029366657003472812
0.021044935279675006
0.026571628660327376
0.03822443319285805
0.0246081472064136
0.034433736921667506
0.038254372017961606
0.03619430193436163
0.0327427130997183
0.03044322225649693
0.030086581350858357
0.026524988670395377
0.035072238236558
0.040650124233017434
0.03342028029814061
0.03010119998582181
0.04537760735649334
0.045105318675815805
0.04850144094239104
0.0440480831961338
0.0389044211743739
0.028786238850481642
0.026834808384344568
0.016804928898014465
0.010203508314603746
0.004817167217295432
0.011370555028017797
0.0184430578536874
0.025062171619056852
0.01670761721217523
0.028804794062863195
0.029016055039770543
0.030011103782821756
0.0363064840511581
0.04401117885304192
0.03979695429989681
0.04264438459428686
0.04575047968784583
0.0479905544382535
0.03940335809155577
0.0305407096540146
0.04342862491516917
0.04347805030707993
0.03641613700201587
0.03550677730873024
0.03717466472860241
0.024605962581851017
0.013719885185520532
0.017209399796336546
0.020624876180813746
0.01704821056315438
0.033143553112305574
0.023875427415770818
0.012395594268836633
0.0006185093042088852
0.004420694165055564
0.0007680289037513112
0.004879008735696331
0.005948402418404229
0.010267421702242891
0.008196306918867675
0.007385582240036668
0.0028209171693342515
0.0161309382673114